63.36301064067829
62.230634860415705
67.60033434669161
60.7661527657877
60.378031218659814
65.7944586771041
68.71751302939926
63.8921725108935
63.04816487990828
66.30542362737066
62.8011117549154
67.45432224793221
69.91875799092223
68.69079362016333
63.524624842388455
67.44707005830713
68.4148677445716
74.26752016185307
72.29135425455273
70.12506880034536
74.03198209227166
68.27595394023604
70.44281984193927
75.37402534342192
75.96531460439698
74.31827322798657
74.05393081519466
71.61508108185421
75.43000977824767
71.70249745205152
75.70351439500827
75.30137657840949
77.88637886727675
74.17933369092724
77.29557209217214
78.06143499714881
74.0261544711131
77.12321062131805
81.22378649790555
77.725451076691
76.9898725878344
79.33546525292452
77.79295156418695
80.01637226351096
78.87344028087425
79.53385401962512
81.13621764922902
83.83565500895055
81.82907468963103
85.2946383080957
76.10344624914251
80.5626835296437
82.70041152129724
80.27639756119972
79.4896088884643
84.76406458051045
85.11081476558977
84.62909653169422
85.26223479050485
82.3325152042474
83.65894535813237
85.03249393835053
83.88112477725969
86.8875080616139
92.5264884081542
85.48911828762647
88.78111144555695
84.77097759311678
91.29465203392633
85.65654390957671
89.07366184735088
87.28299075520516
90.57739948940957
89.6350931238558
89.84936280648441
97.98096077192628
89.0432720788769
90.9158708209212
98.36395072948393
88.7754654114925
93.54788266931904
89.67388239216915
95.50441602881331
94.03631349392367
95.23735282993499
93.17741321595284
94.89648160474695
98.44207182697568
89.06681864747395
91.09172690771986
96.77074496598006
94.34914217403342
95.63803276992756
92.87793134543692
94.77369085699596
96.43198555999115
95.95469222540177
95.94730738649329
97.46012152765786
96.46546087375788
102.7568707328281
97.06260238973948
104.70929568408842
99.37328112412749
96.93332576310335
99.45494116395182
103.84685316716624
104.52023049981995
102.55192991044781
103.24022743353858
104.49557462797151
99.42040039731474
102.05700167614714
99.17257539601093
103.11741658026645
107.10727102477705
106.8631618145931
111.29975693701914
106.14886561365121
100.473037338703
110.81953980381118
110.12018191056232
105.63466202723338
108.08404064134311
109.88825595425966
109.22103629424146
110.38848040492263
108.64514688271882
109.1950631833279
109.88268358472445
107.96102166954134
114.06560688055178
110.7443613724505
112.86884150222465
109.22350454541845
109.00934508816852
111.92367899695091
111.86144747561767
115.97912994660547
114.80801491286032
114.99577644696855
110.19718604555703
111.79468762806815
115.19074026932834
114.12047609442855
118.73258593841373
119.22321876297408
114.58955583853128
118.7288927225234
120.43825172060392
118.00567093923726
121.74624591738308
120.6473611581625
118.80209948702908
120.88125558080283
119.46695009713223
118.24249127109604
120.60903375999405
120.13013160979617
119.44704437924636
125.35173483719205
121.68475806876542
128.55937798039105
121.05688404449793
123.64966763378142
126.65245406994993
129.98841899987843
124.04651555850108
121.56365817830047
126.06064184197984
120.90408347508983
123.97889467465811
125.75421806731796
129.27478361270258
129.49666516946007
126.05056250933856
128.87977268043986
126.00372976160364
128.91322573316558
132.52854307975494
128.31930519346022
127.4896269106323
127.32949768883316
130.8469974411314
132.81738172332808
135.2229867563592
130.20056993000276
130.84164302877778
129.13295552810314
135.3208627730279
131.2962696174933
130.6211438492941
137.88111731835002
134.66965298396724
134.78472178359934
130.67059391240076
134.76740044079176
135.3491715593874
131.51950278962056
134.12784127248736
134.0206193414617