0.5864937003865048
0.6304724833435716
0.08657220049731806
0.6331831613873067
0.4332063973033964
0.05908280071494263
0.20594644075066207
0.39936499321308216
0.653413958372295
0.6579296119136141
0.11807320902889404
0.661686112875351
0.6532152407175121
0.3536830862227262
0.5749218417764294
0.10176592660479566
0.28932406269081906
0.6340513169650795
0.5678555148783316
0.6545908760002813
0.44478983140607947
0.019681575155057137
0.608093455268315
0.6414120096269048
0.45972535178436624
0.5341438603916415
0.5190003974819482
0.2624503983723096
0.44464072675162014
0.13192896776372412
0.48229075882170697
0.018014823680587565
0.20534654704085353
0.024564895536049874
0.05873542880204559
0.5927753798803611
0.47242747159142706
0.219677227496598
0.6493264480755463
0.01912987160939608
0.3064917226310894
0.25407857525732624
0.5421074222719029
0.5705215252603091
0.14719419673342876
0.35776403135318635
0.31357192430852265
0.4397256096795788
0.4853497747834404
0.5309887627139084
0.20500099303560915
0.4604374216205679
0.44442602475201015
0.12322147405777695
0.07869893296565802
0.3654456513833248
0.6547419301471037
0.22930541244240235
0.4158762098600942
0.17762609849148384
0.5274442460510127
0.19597772201128685
0.37184500827498823
0.4760718143745568
0.6252969784007428
0.6544704860850523
0.3995415732776835
0.09840037675256111
0.10944703198398317
0.19712975492895088
0.6035727030898522
0.1955820718286828
0.5861635408478867
0.1899634263998285
0.6393737029662284
0.23406359002134233
0.15605359966439478
0.19398728064710036
0.4267262504014137
0.3419711254292552
0.23495243742237998
0.5976461016978002
0.4158748950920264
0.40084491353951535
0.6345951890041792
0.2086506962178835
0.5335868658437155
0.5299971403317025
0.25325185251616406
0.4091818961778521
0.04222883269675043
0.02861495660293017
0.38997304904923086
0.5556650006438031
0.6414197250198331
0.08950572895617714
0.40959567712106937
0.3380716001643657
0.01035573086660958
0.22780791714201204
0.12278085607058087
0.21753935450956785
0.1263266177083555
0.19961995337616698
0.4677927638441854
0.31871706194139926
0.18112712908388054
0.11264919326490219
0.3946007533101816
0.043873243954640914
0.06709967291265573
0.007799643789272807
0.5884063530752344
0.04850235658364626
0.1982259603117387
0.2989860588260868
0.1424190719164579
0.10554918967484969
0.6172567674613172
0.4009147638754747
0.6100391332598263
0.23457516178974117
0.27062245527783596
0.1879092948826863
0.14439188598392336
0.28494238509922276
0.6293971801352441
0.3587703111016499
0.22807754354394233
0.24542965591301774
0.5567113475949917
0.18893075375517282
0.05816207868160932
0.6451494187368632
0.4121379353529817
0.18483064783700645
0.5912003347432327
0.023031276182918458
0.4411711556805193
0.4404586085845711
0.39943241531611784
0.5206187781935057
0.46584601393315894
0.24493036385238176
0.5566876473520291
0.6394251127878682
0.35501082699649006
0.31481492766491614
0.373909135535465
0.5886435563187772
0.4387261106369187
0.5840987046801922
0.23445564572493735
0.6198701495870634
0.4291639564812161
0.16550369130367742
0.3396107981148595
0.6055591852800343
0.17907962595951604
0.18025570828200396
0.21749909833645586
0.2977626455711874
0.6301529808287829
0.3066212168544352
0.1973907393500563
0.41926546390525626
0.4220197467839696
0.17617198965520853
0.21246203518652762
0.29170247252649106
0.04932931307575196
0.5755441106073673
0.6392021274767383
0.356699583847408
0.18635441172774153
0.6567928863541049
0.383449958025898
0.35696629811239716
0.460019206169951
0.24425072066626577
0.020581902928916953
0.6331506761689815
0.06008497502384602
0.22702085528069518
0.09627209484282687
0.06719865178858828
0.3617574832850134
0.4907103126889299
0.6253037082089045
0.47578384389720046
0.01747507573433431
0.3668752845640559
0.6300974067219767
0.42732929416895643
0.579260011031611
0.14345109563631767
0.6237499246295939
0.3578897528826803
0.6674169754647649
0.3672595002655521