0.0	9.522816870146203
0.0	25.59615988260338
0.0	0.0
0.0	0.0
0.0	0.0
0.0	0.0
0.0	0.0
0.0	8.989982074528246
0.0	12.627960209629256
0.0	20.9019997848214
0.0	0.0
0.0	19.342153121473252
0.0	16.234281532974205
0.0	27.72535064737356
0.0	22.974561358236
0.0	0.0
0.0	0.0
0.0	13.153392325154424
0.0	0.0
0.0	18.82100039447243
3.0	56.47130999789047
3.0	7.455639472297009
3.0	24.71145342112629
3.0	29.319130785447218
3.0	44.15551171175224
3.0	73.81245492742022
3.0	48.9799475448893
3.0	17.23623240795508
3.0	20.143752184811994
3.0	19.919201977609298
3.0	47.540913093920096
3.0	15.837056621077192
3.0	82.1464430635137
3.0	4.705772961409535
3.0	42.276056368721456
3.0	10.28736096892323
3.0	25.04950361317134
3.0	7.8494188885807095
3.0	17.283746275795487
3.0	28.75460956319919
2.0	26.608576821000536
2.0	12.339051660589115
2.0	10.507768497436308
2.0	10.786301643173909
2.0	5.33086250968158
2.0	26.879341019777232
2.0	5.604699492367908
2.0	4.8622572194674
2.0	21.95832826269528
2.0	13.378024991182336
2.0	43.390489607965634
2.0	53.08899733268774
2.0	14.647844762544704
2.0	19.520824921880976
2.0	5.598937313441243
2.0	44.361033664296414
2.0	9.98180354345983
2.0	37.96148163744553
2.0	57.362518751949835
2.0	22.67898048192092
1.0	5.390467201710895
1.0	71.85694558495214
1.0	16.358226647871227
1.0	33.59013968051295
1.0	43.92369470826583
1.0	67.96469943907691
1.0	14.820418954245582
1.0	39.32989654361607
1.0	22.77553705726638
1.0	49.32228288455733
1.0	18.114489683963697
1.0	72.0960024365919
1.0	7.16536214588954
1.0	10.078135721186944
1.0	15.44302154795694
1.0	15.951922003076136
1.0	51.69308684372428
1.0	29.245939547735098
1.0	36.16106796377438
1.0	16.570889681973476
