0.9004231174432656	0.35833824999999997
0.22114867920849945	0.8632904545454544
0.4923358739198581	-0.9537734999999999
0.38782174244294	-0.6099325000000001
0.06214010041415363	0.5907166666666667
0.7388541863199122	0.846665
0.9557735272577564	-0.2502801333333334
0.08658217557124748	0.8062731428571429
0.9319926141390912	0.35833824999999997
0.8413561443623213	0.7918072857142857
0.5722079109660344	-0.2912975714285714
0.012491981059775559	0.14215114285714286
0.8273226543410057	0.7918072857142857
0.7806656377422362	0.9493107333333332
0.8290331920186844	0.7918072857142857
0.664131036272941	0.23978226666666672
0.7595624289166464	0.9493107333333332
0.8557610589011976	0.7918072857142857
0.9402916535841377	-0.2502801333333334
0.8064988937052254	1.0087747142857144
0.0847356377515911	0.8062731428571429
0.5477736644856834	-0.70190875
0.9256395420917374	0.35833824999999997
0.3484479129300546	-0.24364583333333334
0.7225647108806046	0.846665
0.6526428745118247	0.23978226666666672
0.2789208402597244	0.24932466666666664
0.060615325858149216	0.5907166666666667
0.6364091056035922	0.23978226666666672
0.17092062523674845	0.9331012777777777
0.4275598975316546	-0.84004725
0.2752052226638536	0.60162625
0.7841817478372032	0.9493107333333332
0.7033205050223154	0.23978226666666672
0.9691223744306209	-0.2502801333333334
0.5021342904315422	-0.9537734999999999
0.08017938354970644	0.8062731428571429
0.9868658353095362	-0.2502801333333334
0.567197456881408	-0.70190875
0.6536184657825065	0.23978226666666672
0.26625441073928313	0.60162625
0.35317924820113833	-0.24364583333333334
0.6821210280959858	0.23978226666666672
0.44843218408127294	-0.9474897777777778
0.706482364670113	0.23978226666666672
0.39589243788411654	-0.6099325000000001
0.389577893533118	-0.6099325000000001
0.5727365230116992	-0.2912975714285714
0.25666769915113086	0.60162625
0.499137535004312	-0.9537734999999999
0.6985123655361454	0.23978226666666672
0.07177297112332626	0.5907166666666667
0.34664432173851056	-0.24364583333333334
0.3820493396255308	-0.6099325000000001
0.1666444783062343	0.9331012777777777
0.7563511746167121	0.9493107333333332
0.7940992156194663	1.0087747142857144
0.8885295284344735	0.7918072857142857
0.5452956840630871	-0.70190875
0.38815161155735656	-0.6099325000000001
0.9250592150790895	0.35833824999999997
0.9979162847868458	-0.2502801333333334
0.0927581093213048	0.8062731428571429
0.6255926640770092	-0.2912975714285714
0.3394200366875012	-0.24364583333333334
0.3279871395304401	-0.24364583333333334
0.284484928842355	0.24932466666666664
0.4200639106015509	-0.84004725
0.31996820293001704	-0.24364583333333334
0.9722746680374346	-0.2502801333333334
0.9239400876525776	0.35833824999999997
0.5896108232904514	-0.2912975714285714
0.7642884128894184	0.9493107333333332
0.8054521358878224	1.0087747142857144
0.8720858884366589	0.7918072857142857
0.6387253415132293	0.23978226666666672
0.9726743138920622	-0.2502801333333334
0.12916042426466023	1.0100647999999999
0.7458993712255758	0.9493107333333332
0.20082283537196688	0.8632904545454544
0.9139339844132546	0.35833824999999997
0.9335751251555027	0.35833824999999997
0.9179056003481663	0.35833824999999997
0.48394931099423455	-1.1393385
0.509246313044756	-0.9537734999999999
0.15067842186796665	0.9331012777777777
0.6738998688697277	0.23978226666666672
0.32428251596048197	-0.24364583333333334
0.07262646567747788	0.5907166666666667
0.41244725387007664	-0.84004725
0.6575837104349248	0.23978226666666672
0.9175781829815033	0.35833824999999997
0.9394125376467215	-0.2502801333333334
0.18568778627833749	0.9331012777777777
0.9960694790067758	-0.2502801333333334
0.45783468684345974	-0.9474897777777778
0.2445385556796682	0.60162625
0.17726507258469448	0.9331012777777777
0.7517326531230655	0.9493107333333332
0.13939197566123307	0.9331012777777777
0.16065180532792622	0.9331012777777777
0.6850910232265286	0.23978226666666672
0.8087336313987165	1.0087747142857144
0.19986962527808794	0.8632904545454544
0.9925550701605621	-0.2502801333333334
0.04096367776612897	0.14215114285714286
0.8540334173590693	0.7918072857142857
0.8499488961355356	0.7918072857142857
0.7657544640678458	0.9493107333333332
0.32697022357367767	-0.24364583333333334
0.38815280982067735	-0.6099325000000001
0.5620383532707197	-0.70190875
0.15323549758897104	0.9331012777777777
0.12605540219101763	1.0100647999999999
0.31366649617919984	-0.24364583333333334
0.24005267260466268	0.60162625
0.7760530285600379	0.9493107333333332
0.458813179534595	-0.9474897777777778
0.0012737390599987242	0.14215114285714286
0.030046396659989094	0.14215114285714286
0.740881997906749	0.9493107333333332
0.03707417567813376	0.14215114285714286
0.8244132444473142	0.7918072857142857
0.3964901261568886	-0.6099325000000001
0.18450831114204436	0.9331012777777777
0.671605993707579	0.23978226666666672
0.442308265016345	-0.9474897777777778
0.7365128430957528	0.846665
0.9484050956310535	-0.2502801333333334
0.19748434721715957	0.8632904545454544
0.4439011871460382	-0.9474897777777778
0.519748136494914	-0.8740629999999999
0.47480568428512115	-1.1393385
0.1581668755757143	0.9331012777777777
0.5971109754861683	-0.2912975714285714
0.5829403945003861	-0.2912975714285714
0.6968422313438283	0.23978226666666672
0.3403533471161484	-0.24364583333333334
0.9439311761283398	-0.2502801333333334
0.9503343473679787	-0.2502801333333334
0.9938254293912205	-0.2502801333333334
0.4431971343176311	-0.9474897777777778
0.5781215781429306	-0.2912975714285714
0.410374803461921	-0.84004725
0.12169363753124662	1.0100647999999999
0.3703954011504067	-0.6099325000000001
0.9665381230555026	-0.2502801333333334
0.35191331305996965	-0.24364583333333334
0.41504606174180203	-0.84004725
0.12033449746828762	1.0100647999999999
0.4919467349493768	-0.9537734999999999
0.6378765946731892	0.23978226666666672
0.24726863004334054	0.60162625
0.13726898794680298	0.9331012777777777
0.4762916821433497	-1.1393385
0.17625962651142468	0.9331012777777777
0.6701215410482597	0.23978226666666672
0.2151347273021933	0.8632904545454544
0.14542732210604037	0.9331012777777777
0.4670374893392545	-0.9474897777777778
0.6264256315707928	0.23978226666666672
0.9441940376656521	-0.2502801333333334
0.6590668792546833	0.23978226666666672
0.35117786085145686	-0.24364583333333334
0.3465341158240496	-0.24364583333333334
0.09666892460584975	0.8062731428571429
0.7196571272282118	0.846665
0.5808711243893189	-0.2912975714285714
0.3910324629698304	-0.6099325000000001
0.8075343643055306	1.0087747142857144
0.518513144926712	-0.8740629999999999
0.7461867970113143	0.9493107333333332
0.8193835557548622	1.0087747142857144
0.8591072132209163	0.7918072857142857
0.38443663247981186	-0.6099325000000001
0.2413206943136047	0.60162625
0.07409027326942397	0.5907166666666667
0.35726765160767215	-0.24364583333333334
0.5472271081599528	-0.70190875
0.016114493294204557	0.14215114285714286
0.26134761643646576	0.60162625
0.696502868877371	0.23978226666666672
0.6592666340481727	0.23978226666666672
0.14224792671101005	0.9331012777777777
0.8805687907722294	0.7918072857142857
0.783928663763446	0.9493107333333332
0.3329366770658081	-0.24364583333333334
0.5621525942880934	-0.70190875
0.35804324981748337	-0.24364583333333334
0.4683955096655422	-0.9474897777777778
0.06886647194695539	0.5907166666666667
0.011474688501015629	0.14215114285714286
0.873176390227937	0.7918072857142857
0.08058171603636177	0.8062731428571429
0.9058256665678428	0.35833824999999997
0.6736066034987228	0.23978226666666672
0.8039567420718206	1.0087747142857144
0.9030884770203985	0.35833824999999997
0.23497927719110467	0.60162625
0.424715530062718	-0.84004725
0.49065344621736917	-0.9537734999999999
0.6611384355049654	0.23978226666666672
0.8587779380281243	0.7918072857142857
0.5566165201587765	-0.70190875
0.6175566820281666	-0.2912975714285714
0.19541409011438682	0.8632904545454544
0.5150578773940395	-0.8740629999999999
0.8503914986589806	0.7918072857142857
0.32187246708674877	-0.24364583333333334
0.3188467687022888	-0.24364583333333334
0.4992549477596122	-0.9537734999999999
0.008544013760169555	0.14215114285714286
0.6131247679063039	-0.2912975714285714
0.318590123747311	-0.24364583333333334
0.21909580665651274	0.8632904545454544
0.2271794065080689	0.8632904545454544
0.6018360714667236	-0.2912975714285714
0.29957319914710945	0.24932466666666664
0.5704984504876303	-0.2912975714285714
0.5027912098066843	-0.9537734999999999
0.7298186746852453	0.846665
0.7739989888865121	0.9493107333333332
0.8914872093682251	0.7918072857142857
0.4570550703896069	-0.9474897777777778
0.9133209136483947	0.35833824999999997
0.3193846839808966	-0.24364583333333334
0.9793231102474612	-0.2502801333333334
0.9445626990392255	-0.2502801333333334
0.23247829735705472	0.60162625
0.9058793823045832	0.35833824999999997
0.58177772560014	-0.2912975714285714
0.2850921032178856	0.24932466666666664
0.633764222437113	0.23978226666666672
0.12164484659653185	1.0100647999999999
0.3177972758940205	-0.24364583333333334
0.8186417846667104	1.0087747142857144
0.376342689099757	-0.6099325000000001
0.78713729682707	0.9493107333333332
0.2580312300055705	0.60162625
0.18007044476823197	0.9331012777777777
0.22188193416776136	0.8632904545454544
0.7306244321421679	0.846665
0.7838606524765516	0.9493107333333332
0.28925382158168134	0.24932466666666664
0.4852899158807986	-0.9537734999999999
0.9329431345417731	0.35833824999999997
0.30774605589892834	-0.24364583333333334
0.06069049064618015	0.5907166666666667
0.8599371223021441	0.7918072857142857
0.7715943690026728	0.9493107333333332
0.07597092162808505	0.5907166666666667
0.41116291880859235	-0.84004725
0.17896908843640202	0.9331012777777777
0.46444074750155373	-0.9474897777777778
0.0027558691789894008	0.14215114285714286
0.6469670998013335	0.23978226666666672
0.8946499929855877	0.35833824999999997
0.49601323087882687	-0.9537734999999999
0.5313962448320176	-0.8740629999999999
0.22576318997552292	0.8632904545454544
0.7457503116034874	0.9493107333333332
0.47557792433229584	-1.1393385
0.20904420895932851	0.8632904545454544
0.08984124240124147	0.8062731428571429
0.6220834383903793	-0.2912975714285714
0.42791453962250614	-0.84004725
0.9827952675215199	-0.2502801333333334
0.6966933774733182	0.23978226666666672
0.31375016122567534	-0.24364583333333334
0.17926923553593233	0.9331012777777777
0.6041774329447509	-0.2912975714285714
0.7559817668721072	0.9493107333333332
0.9527692338232038	-0.2502801333333334
0.14729926413748495	0.9331012777777777
0.7408176924580762	0.9493107333333332
0.40260921078870127	-0.6099325000000001
0.8565888152794884	0.7918072857142857
0.3444610477669573	-0.24364583333333334
0.945332659677192	-0.2502801333333334
0.5569800947707901	-0.70190875
0.4669088422773341	-0.9474897777777778
0.6712313476202769	0.23978226666666672
0.6117193993113113	-0.2912975714285714
0.53369573549556	-0.70190875
0.9528570489490393	-0.2502801333333334
0.07442566971286169	0.5907166666666667
0.29216040702315027	0.24932466666666664
0.15617102450351816	0.9331012777777777
0.9691057705275901	-0.2502801333333334
0.22532030506307377	0.8632904545454544
0.5533699900561925	-0.70190875
0.8569772967948613	0.7918072857142857
0.8101320355860003	1.0087747142857144
0.6225116786372822	-0.2912975714285714
0.4860904261708897	-0.9537734999999999
0.2839413532881899	0.24932466666666664
0.03245050512204972	0.14215114285714286
0.19790163173432251	0.8632904545454544
0.7015336636982518	0.23978226666666672
0.10426456570517528	0.8062731428571429
0.8506320820658874	0.7918072857142857
0.7439974870657373	0.9493107333333332
0.8017371892071299	1.0087747142857144
0.6877588871019973	0.23978226666666672
0.858680939221223	0.7918072857142857
0.7238981515561352	0.846665
0.15718117330227066	0.9331012777777777
0.7768712277186496	0.9493107333333332
0.48074673664627554	-1.1393385
0.03728789540979405	0.14215114285714286
0.5885757321244112	-0.2912975714285714
0.5899716549780287	-0.2912975714285714
0.007938531231512003	0.14215114285714286
0.2883933106227661	0.24932466666666664
0.7019846801717788	0.23978226666666672
0.3854662204742906	-0.6099325000000001
0.3986334146691022	-0.6099325000000001
0.6791622447451973	0.23978226666666672
0.07354875079335121	0.5907166666666667
0.26960364266804926	0.60162625
0.4744529699320068	-1.1393385
0.3350273458942471	-0.24364583333333334
0.9362579801011487	-0.2502801333333334
0.290639911507777	0.24932466666666664
0.5669424717009014	-0.70190875
0.9329481926803481	0.35833824999999997
0.4527986196572207	-0.9474897777777778
0.6881060658354011	0.23978226666666672
0.6503448948378904	0.23978226666666672
0.20313588568916086	0.8632904545454544
0.02295356583090391	0.14215114285714286
0.5826293005901351	-0.2912975714285714
0.7188422667126819	0.846665
0.7292657276161328	0.846665
0.9284452330732028	0.35833824999999997
0.8051126066131279	1.0087747142857144
0.9897154391002393	-0.2502801333333334
0.3922009920574826	-0.6099325000000001
0.11532958576961727	0.8062731428571429
0.16068943819928627	0.9331012777777777
0.2331678918954373	0.60162625
0.234749073772191	0.60162625
0.699509938022893	0.23978226666666672
0.954754413774303	-0.2502801333333334
0.1915038942630728	0.9331012777777777
0.9378885840109084	-0.2502801333333334
0.6132849486838883	-0.2912975714285714
0.5878091933796169	-0.2912975714285714
0.01678425725573207	0.14215114285714286
0.3005858005540386	0.24932466666666664
0.7038551512215753	0.23978226666666672
0.5225892388228885	-0.8740629999999999
0.7522514410171443	0.9493107333333332
0.5798945169550688	-0.2912975714285714
0.03217381672501474	0.14215114285714286
0.3680916451128422	-0.6099325000000001
0.534183543802371	-0.70190875
0.008832097046676424	0.14215114285714286
0.21635594131886604	0.8632904545454544
0.9561539409175259	-0.2502801333333334
0.10264833285460295	0.8062731428571429
0.9335372142643307	0.35833824999999997
0.4603697478042721	-0.9474897777777778
0.8791561789461256	0.7918072857142857
0.034686777080062625	0.14215114285714286
0.21755010510941497	0.8632904545454544
0.6899317391989982	0.23978226666666672
0.14416551663251675	0.9331012777777777
0.10061796097208242	0.8062731428571429
0.7077561953521601	0.23978226666666672
0.9857874620154293	-0.2502801333333334
0.16708986274379156	0.9331012777777777
0.42218664002644235	-0.84004725
0.7166948240586127	0.846665
0.629169968067537	0.23978226666666672
0.6975299689320529	0.23978226666666672
0.3453673585902526	-0.24364583333333334
0.44160965129362884	-0.9474897777777778
0.4496521897771599	-0.9474897777777778
0.8451934783983821	0.7918072857142857
0.7843531726912439	0.9493107333333332
0.9719321237456413	-0.2502801333333334
0.5375999156848934	-0.70190875
0.7269695348334214	0.846665
0.7764394327357966	0.9493107333333332
0.34407009993994797	-0.24364583333333334
0.9361826165086254	-0.2502801333333334
0.27536620064802875	0.60162625
0.4029586503232835	-0.6099325000000001
0.7118461571125766	0.23978226666666672
0.17580013903932035	0.9331012777777777
0.724300508772313	0.846665
0.18009733563205677	0.9331012777777777
0.9500348329050479	-0.2502801333333334
0.0026248664689660917	0.14215114285714286
0.44226471228442266	-0.9474897777777778
0.2321295854342822	0.8632904545454544
0.38597995646579053	-0.6099325000000001
0.9267704324035735	0.35833824999999997
0.7971624350518209	1.0087747142857144
