-4.9169806880321625	4.732528962204586
-1.260283119282639	2.0147592380230237
7.090069692493507	-6.6929396634110585
0.9233694135608707	-3.5901920522406527
-2.0855493337906936	3.5042165075032257
6.32920109026822	-6.971936489288769
-5.229272412576552	4.321294541285478
-2.9139475548806324	1.1731013395542833
3.691054873776702	-4.6059157984118775
-1.5145860655125825	4.44760469154673
-2.318414429561416	2.0142151103404826
-2.9935761141955024	2.3361876038579066
1.6615848166005942	-3.4012821430969415
-2.349687494252589	2.582335489808594
-1.3183668039335508	0.9223333959532604
3.7290709326792624	-2.4185386384545486
-3.2932553342334097	-0.9991288982719037
3.341154355078922	-3.1391068365583985
-2.8816996685091865	2.9595106639227033
3.264951214028935	-1.6454585125948984
