200.000000 600.000000
200.000000 1500.000000
200.000000 2400.000000
200.000000 3300.000000
200.000000 4200.000000
200.000000 5100.000000
200.000000 6000.000000
200.000000 6900.000000
200.000000 7800.000000
200.000000 8700.000000
1000.000000 600.000000
1000.000000 1500.000000
1000.000000 2400.000000
1000.000000 3300.000000
1000.000000 4200.000000
1000.000000 5100.000000
1000.000000 6000.000000
1000.000000 6900.000000
1000.000000 7800.000000
1000.000000 8700.000000
1800.000000 600.000000
1800.000000 1500.000000
1800.000000 2400.000000
1800.000000 3300.000000
1800.000000 4200.000000
1800.000000 5100.000000
1800.000000 6000.000000
1800.000000 6900.000000
1800.000000 7800.000000
1800.000000 8700.000000
2600.000000 600.000000
2600.000000 1500.000000
2600.000000 2400.000000
2600.000000 3300.000000
2600.000000 4200.000000
2600.000000 5100.000000
2600.000000 6000.000000
2600.000000 6900.000000
2600.000000 7800.000000
2600.000000 8700.000000
3400.000000 600.000000
3400.000000 1500.000000
3400.000000 2400.000000
3400.000000 3300.000000
3400.000000 4200.000000
3400.000000 5100.000000
3400.000000 6000.000000
3400.000000 6900.000000
3400.000000 7800.000000
3400.000000 8700.000000
4200.000000 600.000000
4200.000000 1500.000000
4200.000000 2400.000000
4200.000000 3300.000000
4200.000000 4200.000000
4200.000000 5100.000000
4200.000000 6000.000000
4200.000000 6900.000000
4200.000000 7800.000000
4200.000000 8700.000000
5000.000000 600.000000
5000.000000 1500.000000
5000.000000 2400.000000
5000.000000 3300.000000
5000.000000 4200.000000
5000.000000 5100.000000
5000.000000 6000.000000
5000.000000 6900.000000
5000.000000 7800.000000
5000.000000 8700.000000
5800.000000 600.000000
5800.000000 1500.000000
5800.000000 2400.000000
5800.000000 3300.000000
5800.000000 4200.000000
5800.000000 5100.000000
5800.000000 6000.000000
5800.000000 6900.000000
5800.000000 7800.000000
5800.000000 8700.000000
6600.000000 600.000000
6600.000000 1500.000000
6600.000000 2400.000000
6600.000000 3300.000000
6600.000000 4200.000000
6600.000000 5100.000000
6600.000000 6000.000000
6600.000000 6900.000000
6600.000000 7800.000000
6600.000000 8700.000000
7400.000000 600.000000
7400.000000 1500.000000
7400.000000 2400.000000
7400.000000 3300.000000
7400.000000 4200.000000
7400.000000 5100.000000
7400.000000 6000.000000
7400.000000 6900.000000
7400.000000 7800.000000
7400.000000 8700.000000
